0 0 0
0 1 0
0 2 0
0 3 0
0 4 0
0 5 0
0 6 0
0 7 0
0 8 0
0 9 0
1 0 0
1 1 3.14103
1 2 7.54236
1 3 13.1749
1 4 18.8003
1 5 21.599
1 6 18.5348
1 7 12.6049
1 8 6.2376
1 9 0
2 0 0
2 1 7.54236
2 2 17.9154
2 3 31.97
2 4 47.8517
2 5 57.6855
2 6 47.1531
2 7 30.4033
2 8 14.5017
2 9 0
3 0 0
3 1 13.1749
3 2 31.97
3 3 60.8228
3 4 101.423
3 5 138.55
3 6 100.187
3 7 58.0302
3 8 25.9108
3 9 0
4 0 0
4 1 18.8003
4 2 47.8517
4 3 101.423
4 4 205.227
4 5 374.631
4 6 203.464
4 7 97.6058
4 8 39.4351
4 9 0
5 0 0
5 1 21.599
5 2 57.6855
5 3 138.55
5 4 374.631
5 5 1293.71
5 6 372.472
5 7 134.39
5 8 48.337
5 9 0
6 0 0
6 1 18.5348
6 2 47.1531
6 3 100.187
6 4 203.464
6 5 372.472
6 6 202.072
6 7 96.826
6 8 39.074
6 9 0
7 0 0
7 1 12.6049
7 2 30.4033
7 3 58.0302
7 4 97.6058
7 5 134.39
7 6 96.826
7 7 55.8055
7 8 24.7946
7 9 0
8 0 0
8 1 6.2376
8 2 14.5017
8 3 25.9108
8 4 39.4351
8 5 48.337
8 6 39.074
8 7 24.7946
8 8 11.6551
8 9 0
9 0 0
9 1 0
9 2 0
9 3 0
9 4 0
9 5 0
9 6 0
9 7 0
9 8 0
9 9 0
