0 0 0
0 1 0
0 2 0
0 3 0
0 4 0
0 5 0
0 6 0
0 7 0
0 8 0
0 9 0
1 0 0
1 1 199.974
1 2 239.948
1 3 247.932
1 4 249.524
1 5 249.841
1 6 249.904
1 7 249.917
1 8 249.919
1 9 0
2 0 0
2 1 39.9734
2 2 55.9414
2 3 60.7192
2 4 61.9878
2 5 62.3028
2 6 62.3777
2 7 62.395
2 8 62.3989
2 9 0
3 0 0
3 1 7.98397
3 2 12.7618
3 3 14.6647
3 4 15.2948
3 5 15.4821
3 6 15.5339
3 7 15.5475
3 8 15.5509
3 9 0
4 0 0
4 1 1.59263
4 2 2.86117
4 3 3.49127
4 4 3.741
4 5 3.82734
4 6 3.85455
4 7 3.86256
4 8 3.86479
4 9 0
5 0 0
5 1 0.317136
5 2 0.632188
5 3 0.819483
5 4 0.905826
5 5 0.939833
5 6 0.951845
5 7 0.95576
5 8 0.956958
5 9 0
6 0 0
6 1 0.0630104
6 2 0.137928
6 3 0.189734
6 4 0.216939
6 5 0.228952
6 6 0.23365
6 7 0.235327
6 8 0.235886
6 9 0
7 0 0
7 1 0.0124863
7 2 0.0297549
7 3 0.0433576
7 4 0.0513659
7 5 0.0552806
7 6 0.0569584
7 7 0.0576096
7 8 0.0578435
7 9 0
8 0 0
8 1 0.00246694
8 2 0.00635341
8 3 0.00978554
8 4 0.0120225
8 5 0.0132209
8 6 0.0137792
8 7 0.014013
8 8 0.0141031
8 9 0
9 0 0
9 1 0
9 2 0
9 3 0
9 4 0
9 5 0
9 6 0
9 7 0
9 8 0
9 9 0
